data/i -16b   7  -8 -1.1  0.0014373  VK2RG QF56 30           0     1    0
data/i -16b   3 -24 -0.9  0.0014555  VK3GOD QF23 23          0     1    0
data/i -16b   3 -29 -1.0  0.0014782  VK4YEH QG62 37          0     3    0
              7  -3 -1.7  0.0014373  VK2RG QF56 30           0     1    0
              4 -20 -1.5  0.0014553  VK3GOD QF23 23          0     1    0
              3 -23 -1.4  0.0014783  VK4YEH QG62 37          0     1    0
              7  -9 -2.1  0.0014373  VK2RG QF56 30           0     1    0
              2 -26 -1.9  0.0014553  VK3GOD QF23 23          0   146    0
              2 -30 -1.9  0.0014783  VK4YEH QG62 37          0  1804    0
              7  -1 -3.3  0.0014373  VK2RG QF56 30           0     1    0
              4 -19 -3.1  0.0014553  VK3GOD QF23 23          0     1    0
              3 -21 -3.1  0.0014782  VK4YEH QG62 37          0     6    0
